8.291620495968881829e-03
8.291620495968881829e-03
-6.101694915254254718e-03
-6.101694915254254718e-03
-6.101694915254254718e-03
-6.101694915254254718e-03
-9.440867884156933787e-03
-1.135589370883531568e-03
-1.436175179755356038e-02
-1.262838861761239259e-02
-1.801131289074140926e-02
-1.801131289074140926e-02
-1.801131289074140926e-02
-1.947843189167670994e-03
1.137009664581114691e-04
1.137009664581114691e-04
-4.019702202343874292e-03
-7.839377361682851875e-03
-2.537396121883658123e-02
-3.432628266120177352e-02
-2.270286285693120729e-02
-2.270286285693120729e-02
-2.270286285693120729e-02
-2.127107171336911282e-02
-2.127107171336911282e-02
-2.127107171336911282e-02
-2.127107171336911282e-02
