8.078308371511019326e-01 9.838883848372894647e-01 9.838883848372894647e-01 1.921691628488982617e-01 1.611161516271184327e-02 1.611161516271184327e-02
6.717741935483878546e-01 8.426140200861230722e-01 1.867138975885446195e-01 3.282258064516132001e-01 1.573859799138746518e-01 8.132861024114540482e-01
8.078308371511019326e-01 9.838883848372894647e-01 9.838883848372894647e-01 1.921691628488982617e-01 1.611161516271184327e-02 1.611161516271184327e-02
9.962875015853307481e-01 8.341118191329243148e-01 9.663096307446976674e-01 3.712498414665263771e-03 1.658881808670722990e-01 3.369036925529830806e-02
1.725865547077522211e-01 9.955505567696869562e-01 8.603098956151318255e-01 8.274134452922425886e-01 4.449443230310010620e-03 1.396901043848714219e-01
8.305339941505890389e-01 7.162725523614209555e-01 9.163112689036317926e-01 1.694660058494111554e-01 2.837274476385799327e-01 8.368873109636865149e-02
5.000000000000000000e-01 9.923619314066368657e-01 9.707457698250132605e-01 5.000000000000000000e-01 7.638068593361344895e-03 2.925423017498851239e-02
8.078308371511019326e-01 9.838883848372894647e-01 9.838883848372894647e-01 1.921691628488982617e-01 1.611161516271184327e-02 1.611161516271184327e-02
9.949097105476316649e-01 9.454254048393222476e-01 9.789932842102808674e-01 5.090289452368118236e-03 5.457459516067926508e-02 2.100671578971673170e-02
8.478676558105278094e-01 9.727202244407598952e-01 8.078308371511019326e-01 1.521323441894705530e-01 2.727977555923982722e-02 1.921691628488982617e-01
8.478676558105278094e-01 8.078308371511019326e-01 9.838883848372894647e-01 1.521323441894705530e-01 1.921691628488982617e-01 1.611161516271184327e-02
9.571786678537015369e-01 9.103128259320151239e-01 8.061472414567286693e-01 4.282133214629620793e-02 8.968717406798819292e-02 1.938527585432731903e-01
5.142413939938751399e-01 4.566128335143008199e-01 8.389000838887963329e-01 4.857586060061239719e-01 5.433871664856996242e-01 1.610999161112031397e-01
8.478676558105278094e-01 9.727202244407598952e-01 8.078308371511019326e-01 1.521323441894705530e-01 2.727977555923982722e-02 1.921691628488982617e-01
4.339810921462647908e-01 9.298691012160872349e-01 5.494070554128648309e-01 5.660189078537338769e-01 7.013089878391370879e-02 4.505929445871351136e-01
5.914032644338277356e-01 6.429942603787497379e-01 9.836024376860866836e-01 4.085967355661743738e-01 3.570057396212495959e-01 1.639756231391149496e-02
8.892743383372626598e-01 9.609603694698301002e-01 4.807239986060725667e-01 1.107256616627376594e-01 3.903963053016719364e-02 5.192760013939278219e-01
9.907599222000378347e-01 8.478676558105278094e-01 9.960795806442687139e-01 9.240077799966030236e-03 1.521323441894705530e-01 3.920419355734207356e-03
9.907599222000378347e-01 8.478676558105278094e-01 9.960795806442687139e-01 9.240077799966030236e-03 1.521323441894705530e-01 3.920419355734207356e-03
9.996452614530827452e-01 9.960733793501621580e-01 9.632272593302552144e-01 3.547385469130706626e-04 3.926620649835605922e-03 3.677274066974928896e-02
5.142413939938751399e-01 8.137063074651408323e-01 3.849707317022406095e-01 4.857586060061239719e-01 1.862936925348611106e-01 6.150292682977598346e-01
5.142413939938751399e-01 8.137063074651408323e-01 3.849707317022406095e-01 4.857586060061239719e-01 1.862936925348611106e-01 6.150292682977598346e-01
9.907599222000378347e-01 8.478676558105278094e-01 9.960795806442687139e-01 9.240077799966030236e-03 1.521323441894705530e-01 3.920419355734207356e-03
6.529469264820106922e-01 8.331282054306727858e-01 5.251770516672228384e-01 3.470530735179886972e-01 1.668717945693311000e-01 4.748229483327767175e-01
2.729713183758384343e-01 9.292545285369758767e-01 6.959105372862302019e-01 7.270286816241646743e-01 7.074547146302294365e-02 3.040894627137704642e-01
9.907599222000378347e-01 8.478676558105278094e-01 9.960795806442687139e-01 9.240077799966030236e-03 1.521323441894705530e-01 3.920419355734207356e-03
4.595981959353762081e-01 7.517639270978981880e-01 9.952280005423952414e-01 5.404018040646285659e-01 2.482360729021031720e-01 4.771999457601918022e-03
